101
104
105
106
107
108
109
110
111
112
116
117
118
119
120
121
122
123
125
126
127
130
132
133
134
135
136
140
141
142
143
144
145
156
150
151
152
153
154
155
156
157
158
159
162
170
171
172
173
176
178
200
201
202
203
204
205
206
207
208
209
210
211
212
217
218
219
220
221
222
223
224
225
226
230
232
234
235
236
244
246
248
256
258
260
262
264
277
278
279
280
282
AUD
LIB
NuO
GuO
MaO
GLR
BLR
Gym
Caf
Gam
Stf
BR1
BR2
BR3
BR4
BR5